1 21 0.00 60.30 1 27 26 25 24 23 22 21
1 21 330.00 60.30 1 27 26 25 24 23 22 21
1 21 345.00 60.30 1 27 26 25 24 23 22 21
1 21 360.00 60.30 1 27 26 25 24 23 22 21
1 21 375.00 60.30 1 27 26 25 24 23 22 21
1 21 390.00 60.30 1 27 26 25 24 23 22 21
1 21 405.00 60.30 1 27 26 25 24 23 22 21
1 21 420.00 60.30 1 27 26 25 24 23 22 21
1 21 430.00 60.30 1 27 26 25 24 23 22 21
1 21 440.00 60.30 1 27 26 25 24 23 22 21
1 21 450.00 60.30 1 27 26 25 24 23 22 21
1 21 460.00 60.30 1 27 26 25 24 23 22 21
1 21 470.00 60.30 1 27 26 25 24 23 22 21
1 21 500.00 60.30 1 27 26 25 24 23 22 21
1 21 530.00 60.30 1 27 26 25 24 23 22 21
1 21 540.00 60.30 1 27 26 25 24 23 22 21
1 21 550.00 60.30 1 27 26 25 24 23 22 21
1 21 560.00 60.30 1 27 26 25 24 23 22 21
1 21 570.00 60.30 1 27 26 25 24 23 22 21
1 21 660.00 60.30 1 27 26 25 24 23 22 21
1 21 690.00 60.30 1 27 26 25 24 23 22 21
1 21 720.00 60.30 1 27 26 25 24 23 22 21
1 21 750.00 60.30 1 27 26 25 24 23 22 21
1 21 780.00 60.30 1 27 26 25 24 23 22 21
1 21 810.00 60.30 1 27 26 25 24 23 22 21
1 21 840.00 60.30 1 27 26 25 24 23 22 21
1 21 870.00 60.30 1 27 26 25 24 23 22 21
1 21 900.00 60.30 1 27 26 25 24 23 22 21
1 21 915.00 60.30 1 27 26 25 24 23 22 21
1 21 930.00 60.30 1 27 26 25 24 23 22 21
1 21 940.00 60.30 1 27 26 25 24 23 22 21
1 21 950.00 60.30 1 27 26 25 24 23 22 21
1 21 960.00 60.30 1 27 26 25 24 23 22 21
1 21 990.00 60.30 1 27 26 25 24 23 22 21
1 21 1020.00 60.30 1 27 26 25 24 23 22 21
1 21 1050.00 60.30 1 27 26 25 24 23 22 21
1 21 1065.00 62.61 1 27 26 25 24 23 22 21
1 21 1080.00 66.30 1 27 26 25 24 23 22 21
1 21 1095.00 66.30 1 27 26 25 24 23 22 21
1 21 1110.00 66.30 1 27 26 25 24 23 22 21
1 21 1140.00 66.30 1 27 26 25 24 23 22 21
1 21 1155.00 68.01 1 27 26 25 24 23 22 21
1 21 1170.00 69.30 1 27 26 25 24 23 22 21
1 21 1185.00 69.30 1 27 26 25 24 23 22 21
1 21 1200.00 69.30 1 27 26 25 24 23 22 21
1 21 1230.00 69.30 1 27 26 25 24 23 22 21
1 21 1260.00 69.30 1 27 26 25 24 23 22 21
1 21 1290.00 69.30 1 27 26 25 24 23 22 21
1 21 1320.00 69.30 1 27 26 25 24 23 22 21
1 21 1335.00 63.67 1 27 26 25 24 23 22 21
1 21 1350.00 60.30 1 27 26 25 24 23 22 21
1 21 1365.00 60.30 1 27 26 25 24 23 22 21
1 21 1380.00 60.30 1 27 26 25 24 23 22 21
11 14 0.00 59.80 11 12 13 14
11 14 330.00 59.80 11 12 13 14
11 14 345.00 59.80 11 12 13 14
11 14 360.00 59.80 11 12 13 14
11 14 375.00 59.80 11 12 13 14
11 14 390.00 59.80 11 12 13 14
11 14 405.00 59.80 11 12 13 14
11 14 420.00 59.80 11 12 13 14
11 14 430.00 59.80 11 12 13 14
11 14 440.00 59.80 11 12 13 14
11 14 450.00 59.80 11 12 13 14
11 14 460.00 59.80 11 12 13 14
11 14 470.00 59.80 11 12 13 14
11 14 500.00 59.80 11 12 13 14
11 14 530.00 59.80 11 12 13 14
11 14 540.00 59.80 11 12 13 14
11 14 550.00 59.80 11 12 13 14
11 14 560.00 59.80 11 12 13 14
11 14 570.00 59.80 11 12 13 14
11 14 660.00 59.80 11 12 13 14
11 14 690.00 59.80 11 12 13 14
11 14 720.00 59.80 11 12 13 14
11 14 750.00 59.80 11 12 13 14
11 14 780.00 59.80 11 12 13 14
11 14 810.00 59.80 11 12 13 14
11 14 840.00 59.80 11 12 13 14
11 14 870.00 59.80 11 12 13 14
11 14 900.00 59.80 11 12 13 14
11 14 915.00 59.80 11 12 13 14
11 14 930.00 59.80 11 12 13 14
11 14 940.00 59.80 11 12 13 14
11 14 950.00 59.80 11 12 13 14
11 14 960.00 59.80 11 12 13 14
11 14 990.00 59.80 11 12 13 14
11 14 1020.00 59.80 11 12 13 14
11 14 1050.00 59.80 11 12 13 14
11 14 1065.00 59.80 11 12 13 14
11 14 1080.00 59.80 11 12 13 14
11 14 1095.00 59.80 11 12 13 14
11 14 1110.00 59.80 11 12 13 14
11 14 1140.00 59.80 11 12 13 14
11 14 1155.00 59.80 11 12 13 14
11 14 1170.00 59.80 11 12 13 14
11 14 1185.00 59.80 11 12 13 14
11 14 1200.00 59.80 11 12 13 14
11 14 1230.00 59.80 11 12 13 14
11 14 1260.00 59.80 11 12 13 14
11 14 1290.00 59.80 11 12 13 14
11 14 1320.00 59.80 11 12 13 14
11 14 1335.00 59.80 11 12 13 14
11 14 1350.00 59.80 11 12 13 14
11 14 1365.00 59.80 11 12 13 14
11 14 1380.00 59.80 11 12 13 14
14 15 0.00 12.20 14 15
14 15 330.00 12.20 14 15
14 15 345.00 12.20 14 15
14 15 360.00 12.20 14 15
14 15 375.00 12.20 14 15
14 15 390.00 12.20 14 15
14 15 405.00 12.20 14 15
14 15 420.00 12.20 14 15
14 15 430.00 12.20 14 15
14 15 440.00 12.20 14 15
14 15 450.00 12.20 14 15
14 15 460.00 12.20 14 15
14 15 470.00 12.20 14 15
14 15 500.00 12.20 14 15
14 15 530.00 12.20 14 15
14 15 540.00 12.20 14 15
14 15 550.00 12.20 14 15
14 15 560.00 12.20 14 15
14 15 570.00 12.20 14 15
14 15 660.00 12.20 14 15
14 15 690.00 12.20 14 15
14 15 720.00 12.20 14 15
14 15 750.00 12.20 14 15
14 15 780.00 12.20 14 15
14 15 810.00 12.20 14 15
14 15 840.00 12.20 14 15
14 15 870.00 12.20 14 15
14 15 900.00 12.20 14 15
14 15 915.00 12.20 14 15
14 15 930.00 12.20 14 15
14 15 940.00 12.20 14 15
14 15 950.00 12.20 14 15
14 15 960.00 12.20 14 15
14 15 990.00 12.20 14 15
14 15 1020.00 12.20 14 15
14 15 1050.00 12.20 14 15
14 15 1065.00 12.20 14 15
14 15 1080.00 12.20 14 15
14 15 1095.00 12.20 14 15
14 15 1110.00 12.20 14 15
14 15 1140.00 12.20 14 15
14 15 1155.00 12.20 14 15
14 15 1170.00 12.20 14 15
14 15 1185.00 12.20 14 15
14 15 1200.00 12.20 14 15
14 15 1230.00 12.20 14 15
14 15 1260.00 12.20 14 15
14 15 1290.00 12.20 14 15
14 15 1320.00 12.20 14 15
14 15 1335.00 12.20 14 15
14 15 1350.00 12.20 14 15
14 15 1365.00 12.20 14 15
14 15 1380.00 12.20 14 15
15 3 0.00 87.00 15 98 45 46 47 48 49 22 4 3
15 3 330.00 87.00 15 98 45 46 47 48 49 22 4 3
15 3 345.00 87.00 15 98 45 46 47 48 49 22 4 3
15 3 360.00 91.80 15 98 16 17 8 7 6 5 22 4 3
15 3 375.00 92.65 15 98 16 17 8 7 6 5 22 4 3
15 3 390.00 93.80 15 98 16 17 8 7 6 5 22 4 3
15 3 405.00 101.84 15 98 16 17 8 7 6 5 22 4 3
15 3 420.00 103.40 15 98 45 46 20 6 5 22 4 3
15 3 430.00 103.40 15 98 45 46 20 6 5 22 4 3
15 3 440.00 103.40 15 98 45 46 20 6 5 22 4 3
15 3 450.00 103.40 15 98 45 46 20 6 5 22 4 3
15 3 460.00 103.40 15 98 45 46 20 6 5 22 4 3
15 3 470.00 103.40 15 98 45 46 20 6 5 22 4 3
15 3 500.00 103.40 15 98 45 46 20 6 5 22 4 3
15 3 530.00 103.40 15 98 45 46 20 6 5 22 4 3
15 3 540.00 103.40 15 98 45 46 20 6 5 22 4 3
15 3 550.00 103.40 15 98 45 46 20 6 5 22 4 3
15 3 560.00 102.13 15 98 16 17 8 7 6 5 22 4 3
15 3 570.00 101.80 15 98 16 17 8 7 6 5 22 4 3
15 3 660.00 87.00 15 98 45 46 47 48 49 22 4 3
15 3 690.00 87.00 15 98 45 46 47 48 49 22 4 3
15 3 720.00 87.00 15 98 45 46 47 48 49 22 4 3
15 3 750.00 87.00 15 98 45 46 47 48 49 22 4 3
15 3 780.00 87.00 15 98 45 46 47 48 49 22 4 3
15 3 810.00 87.00 15 98 45 46 47 48 49 22 4 3
15 3 840.00 87.00 15 98 45 46 47 48 49 22 4 3
15 3 870.00 87.00 15 98 45 46 47 48 49 22 4 3
15 3 900.00 87.00 15 98 45 46 47 48 49 22 4 3
15 3 915.00 87.00 15 98 45 46 47 48 49 22 4 3
15 3 930.00 87.00 15 98 45 46 47 48 49 22 4 3
15 3 940.00 87.00 15 98 45 46 47 48 49 22 4 3
15 3 950.00 87.00 15 98 45 46 47 48 49 22 4 3
15 3 960.00 87.00 15 98 45 46 47 48 49 22 4 3
15 3 990.00 87.00 15 98 45 46 47 48 49 22 4 3
15 3 1020.00 87.00 15 98 45 46 47 48 49 22 4 3
15 3 1050.00 87.00 15 98 45 46 47 48 49 22 4 3
15 3 1065.00 87.00 15 98 45 46 47 48 49 22 4 3
15 3 1080.00 87.00 15 98 45 46 47 48 49 22 4 3
15 3 1095.00 87.00 15 98 45 46 47 48 49 22 4 3
15 3 1110.00 87.00 15 98 45 46 47 48 49 22 4 3
15 3 1140.00 87.00 15 98 45 46 47 48 49 22 4 3
15 3 1155.00 87.00 15 98 45 46 47 48 49 22 4 3
15 3 1170.00 87.00 15 98 45 46 47 48 49 22 4 3
15 3 1185.00 87.00 15 98 45 46 47 48 49 22 4 3
15 3 1200.00 87.00 15 98 45 46 47 48 49 22 4 3
15 3 1230.00 87.00 15 98 45 46 47 48 49 22 4 3
15 3 1260.00 87.00 15 98 45 46 47 48 49 22 4 3
15 3 1290.00 87.00 15 98 45 46 47 48 49 22 4 3
15 3 1320.00 87.00 15 98 45 46 47 48 49 22 4 3
15 3 1335.00 87.00 15 98 45 46 47 48 49 22 4 3
15 3 1350.00 87.00 15 98 45 46 47 48 49 22 4 3
15 3 1365.00 87.00 15 98 45 46 47 48 49 22 4 3
15 3 1380.00 87.00 15 98 45 46 47 48 49 22 4 3
15 7 0.00 31.20 15 98 16 17 8 7
15 7 330.00 31.20 15 98 16 17 8 7
15 7 345.00 31.20 15 98 16 17 8 7
15 7 360.00 31.20 15 98 16 17 8 7
15 7 375.00 31.20 15 98 16 17 8 7
15 7 390.00 31.20 15 98 16 17 8 7
15 7 405.00 39.24 15 98 16 17 8 7
15 7 420.00 46.10 15 98 16 17 8 7
15 7 430.00 46.10 15 98 16 17 8 7
15 7 440.00 46.10 15 98 16 17 8 7
15 7 450.00 46.10 15 98 16 17 8 7
15 7 460.00 46.10 15 98 16 17 8 7
15 7 470.00 46.10 15 98 16 17 8 7
15 7 500.00 46.10 15 98 16 17 8 7
15 7 530.00 46.10 15 98 16 17 8 7
15 7 540.00 44.78 15 98 16 17 8 7
15 7 550.00 43.15 15 98 16 17 8 7
15 7 560.00 41.53 15 98 16 17 8 7
15 7 570.00 41.20 15 98 16 17 8 7
15 7 660.00 31.20 15 98 16 17 8 7
15 7 690.00 31.20 15 98 16 17 8 7
15 7 720.00 31.20 15 98 16 17 8 7
15 7 750.00 31.20 15 98 16 17 8 7
15 7 780.00 31.20 15 98 16 17 8 7
15 7 810.00 31.20 15 98 16 17 8 7
15 7 840.00 31.20 15 98 16 17 8 7
15 7 870.00 31.20 15 98 16 17 8 7
15 7 900.00 31.20 15 98 16 17 8 7
15 7 915.00 31.20 15 98 16 17 8 7
15 7 930.00 31.20 15 98 16 17 8 7
15 7 940.00 31.20 15 98 16 17 8 7
15 7 950.00 31.20 15 98 16 17 8 7
15 7 960.00 31.20 15 98 16 17 8 7
15 7 990.00 31.20 15 98 16 17 8 7
15 7 1020.00 31.20 15 98 16 17 8 7
15 7 1050.00 31.20 15 98 16 17 8 7
15 7 1065.00 31.20 15 98 16 17 8 7
15 7 1080.00 31.20 15 98 16 17 8 7
15 7 1095.00 31.20 15 98 16 17 8 7
15 7 1110.00 31.20 15 98 16 17 8 7
15 7 1140.00 31.20 15 98 16 17 8 7
15 7 1155.00 31.20 15 98 16 17 8 7
15 7 1170.00 31.20 15 98 16 17 8 7
15 7 1185.00 31.20 15 98 16 17 8 7
15 7 1200.00 31.20 15 98 16 17 8 7
15 7 1230.00 31.20 15 98 16 17 8 7
15 7 1260.00 31.20 15 98 16 17 8 7
15 7 1290.00 31.20 15 98 16 17 8 7
15 7 1320.00 31.20 15 98 16 17 8 7
15 7 1335.00 31.20 15 98 16 17 8 7
15 7 1350.00 31.20 15 98 16 17 8 7
15 7 1365.00 31.20 15 98 16 17 8 7
15 7 1380.00 31.20 15 98 16 17 8 7
19 11 0.00 54.00 19 8 9 10 11
19 11 330.00 54.00 19 8 9 10 11
19 11 345.00 54.00 19 8 9 10 11
19 11 360.00 54.00 19 8 9 10 11
19 11 375.00 54.00 19 8 9 10 11
19 11 390.00 54.00 19 8 9 10 11
19 11 405.00 54.00 19 8 9 10 11
19 11 420.00 54.00 19 8 9 10 11
19 11 430.00 54.00 19 8 9 10 11
19 11 440.00 54.00 19 8 9 10 11
19 11 450.00 54.00 19 8 9 10 11
19 11 460.00 54.00 19 8 9 10 11
19 11 470.00 54.00 19 8 9 10 11
19 11 500.00 54.00 19 8 9 10 11
19 11 530.00 54.00 19 8 9 10 11
19 11 540.00 54.00 19 8 9 10 11
19 11 550.00 54.00 19 8 9 10 11
19 11 560.00 54.00 19 8 9 10 11
19 11 570.00 54.00 19 8 9 10 11
19 11 660.00 54.00 19 8 9 10 11
19 11 690.00 54.00 19 8 9 10 11
19 11 720.00 54.00 19 8 9 10 11
19 11 750.00 54.00 19 8 9 10 11
19 11 780.00 54.00 19 8 9 10 11
19 11 810.00 54.00 19 8 9 10 11
19 11 840.00 54.00 19 8 9 10 11
19 11 870.00 54.00 19 8 9 10 11
19 11 900.00 54.00 19 8 9 10 11
19 11 915.00 54.00 19 8 9 10 11
19 11 930.00 54.00 19 8 9 10 11
19 11 940.00 54.00 19 8 9 10 11
19 11 950.00 54.00 19 8 9 10 11
19 11 960.00 54.00 19 8 9 10 11
19 11 990.00 54.00 19 8 9 10 11
19 11 1020.00 54.00 19 8 9 10 11
19 11 1050.00 54.00 19 8 9 10 11
19 11 1065.00 54.00 19 8 9 10 11
19 11 1080.00 54.00 19 8 9 10 11
19 11 1095.00 54.00 19 8 9 10 11
19 11 1110.00 54.00 19 8 9 10 11
19 11 1140.00 54.00 19 8 9 10 11
19 11 1155.00 54.00 19 8 9 10 11
19 11 1170.00 54.00 19 8 9 10 11
19 11 1185.00 54.00 19 8 9 10 11
19 11 1200.00 54.00 19 8 9 10 11
19 11 1230.00 54.00 19 8 9 10 11
19 11 1260.00 54.00 19 8 9 10 11
19 11 1290.00 54.00 19 8 9 10 11
19 11 1320.00 54.00 19 8 9 10 11
19 11 1335.00 54.00 19 8 9 10 11
19 11 1350.00 54.00 19 8 9 10 11
19 11 1365.00 54.00 19 8 9 10 11
19 11 1380.00 54.00 19 8 9 10 11
19 74 0.00 26.20 19 18 44 98 74
19 74 330.00 26.20 19 18 44 98 74
19 74 345.00 26.20 19 18 44 98 74
19 74 360.00 26.20 19 18 44 98 74
19 74 375.00 26.20 19 18 44 98 74
19 74 390.00 26.20 19 18 44 98 74
19 74 405.00 26.20 19 18 44 98 74
19 74 420.00 26.20 19 18 44 98 74
19 74 430.00 26.20 19 18 44 98 74
19 74 440.00 26.20 19 18 44 98 74
19 74 450.00 26.20 19 18 44 98 74
19 74 460.00 26.20 19 18 44 98 74
19 74 470.00 26.20 19 18 44 98 74
19 74 500.00 26.20 19 18 44 98 74
19 74 530.00 26.20 19 18 44 98 74
19 74 540.00 26.20 19 18 44 98 74
19 74 550.00 26.20 19 18 44 98 74
19 74 560.00 26.20 19 18 44 98 74
19 74 570.00 26.20 19 18 44 98 74
19 74 660.00 26.20 19 18 44 98 74
19 74 690.00 26.20 19 18 44 98 74
19 74 720.00 26.20 19 18 44 98 74
19 74 750.00 26.20 19 18 44 98 74
19 74 780.00 26.20 19 18 44 98 74
19 74 810.00 26.20 19 18 44 98 74
19 74 840.00 26.20 19 18 44 98 74
19 74 870.00 26.20 19 18 44 98 74
19 74 900.00 26.20 19 18 44 98 74
19 74 915.00 26.20 19 18 44 98 74
19 74 930.00 26.20 19 18 44 98 74
19 74 940.00 26.20 19 18 44 98 74
19 74 950.00 26.20 19 18 44 98 74
19 74 960.00 26.20 19 18 44 98 74
19 74 990.00 26.20 19 18 44 98 74
19 74 1020.00 26.20 19 18 44 98 74
19 74 1050.00 26.20 19 18 44 98 74
19 74 1065.00 26.20 19 18 44 98 74
19 74 1080.00 26.20 19 18 44 98 74
19 74 1095.00 26.20 19 18 44 98 74
19 74 1110.00 26.20 19 18 44 98 74
19 74 1140.00 26.20 19 18 44 98 74
19 74 1155.00 26.20 19 18 44 98 74
19 74 1170.00 26.20 19 18 44 98 74
19 74 1185.00 26.20 19 18 44 98 74
19 74 1200.00 26.20 19 18 44 98 74
19 74 1230.00 26.20 19 18 44 98 74
19 74 1260.00 26.20 19 18 44 98 74
19 74 1290.00 26.20 19 18 44 98 74
19 74 1320.00 26.20 19 18 44 98 74
19 74 1335.00 26.20 19 18 44 98 74
19 74 1350.00 26.20 19 18 44 98 74
19 74 1365.00 26.20 19 18 44 98 74
19 74 1380.00 26.20 19 18 44 98 74
21 19 0.00 37.50 21 20 19
21 19 330.00 37.50 21 20 19
21 19 345.00 37.50 21 20 19
21 19 360.00 37.50 21 20 19
21 19 375.00 37.50 21 20 19
21 19 390.00 37.50 21 20 19
21 19 405.00 37.50 21 20 19
21 19 420.00 37.50 21 20 19
21 19 430.00 37.50 21 20 19
21 19 440.00 37.50 21 20 19
21 19 450.00 37.50 21 20 19
21 19 460.00 37.50 21 20 19
21 19 470.00 37.50 21 20 19
21 19 500.00 37.50 21 20 19
21 19 530.00 37.50 21 20 19
21 19 540.00 37.50 21 20 19
21 19 550.00 37.50 21 20 19
21 19 560.00 37.50 21 20 19
21 19 570.00 37.50 21 20 19
21 19 660.00 37.50 21 20 19
21 19 690.00 37.50 21 20 19
21 19 720.00 37.50 21 20 19
21 19 750.00 37.50 21 20 19
21 19 780.00 37.50 21 20 19
21 19 810.00 37.50 21 20 19
21 19 840.00 37.50 21 20 19
21 19 870.00 37.50 21 20 19
21 19 900.00 37.50 21 20 19
21 19 915.00 37.50 21 20 19
21 19 930.00 37.50 21 20 19
21 19 940.00 37.50 21 20 19
21 19 950.00 37.50 21 20 19
21 19 960.00 37.50 21 20 19
21 19 990.00 37.50 21 20 19
21 19 1020.00 37.50 21 20 19
21 19 1050.00 37.50 21 20 19
21 19 1065.00 37.50 21 20 19
21 19 1080.00 38.13 21 20 19
21 19 1095.00 39.38 21 20 19
21 19 1110.00 39.50 21 20 19
21 19 1140.00 39.50 21 20 19
21 19 1155.00 39.50 21 20 19
21 19 1170.00 40.23 21 20 19
21 19 1185.00 41.38 21 20 19
21 19 1200.00 41.50 21 20 19
21 19 1230.00 41.50 21 20 19
21 19 1260.00 41.50 21 20 19
21 19 1290.00 41.50 21 20 19
21 19 1320.00 41.50 21 20 19
21 19 1335.00 41.50 21 20 19
21 19 1350.00 39.86 21 20 19
21 19 1365.00 37.71 21 20 19
21 19 1380.00 37.50 21 20 19
27 21 0.00 54.70 27 26 25 24 23 22 21
27 21 330.00 54.70 27 26 25 24 23 22 21
27 21 345.00 54.70 27 26 25 24 23 22 21
27 21 360.00 54.70 27 26 25 24 23 22 21
27 21 375.00 54.70 27 26 25 24 23 22 21
27 21 390.00 54.70 27 26 25 24 23 22 21
27 21 405.00 54.70 27 26 25 24 23 22 21
27 21 420.00 54.70 27 26 25 24 23 22 21
27 21 430.00 54.70 27 26 25 24 23 22 21
27 21 440.00 54.70 27 26 25 24 23 22 21
27 21 450.00 54.70 27 26 25 24 23 22 21
27 21 460.00 54.70 27 26 25 24 23 22 21
27 21 470.00 54.70 27 26 25 24 23 22 21
27 21 500.00 54.70 27 26 25 24 23 22 21
27 21 530.00 54.70 27 26 25 24 23 22 21
27 21 540.00 54.70 27 26 25 24 23 22 21
27 21 550.00 54.70 27 26 25 24 23 22 21
27 21 560.00 54.70 27 26 25 24 23 22 21
27 21 570.00 54.70 27 26 25 24 23 22 21
27 21 660.00 54.70 27 26 25 24 23 22 21
27 21 690.00 54.70 27 26 25 24 23 22 21
27 21 720.00 54.70 27 26 25 24 23 22 21
27 21 750.00 54.70 27 26 25 24 23 22 21
27 21 780.00 54.70 27 26 25 24 23 22 21
27 21 810.00 54.70 27 26 25 24 23 22 21
27 21 840.00 54.70 27 26 25 24 23 22 21
27 21 870.00 54.70 27 26 25 24 23 22 21
27 21 900.00 54.70 27 26 25 24 23 22 21
27 21 915.00 54.70 27 26 25 24 23 22 21
27 21 930.00 54.70 27 26 25 24 23 22 21
27 21 940.00 54.70 27 26 25 24 23 22 21
27 21 950.00 54.70 27 26 25 24 23 22 21
27 21 960.00 54.70 27 26 25 24 23 22 21
27 21 990.00 54.70 27 26 25 24 23 22 21
27 21 1020.00 54.70 27 26 25 24 23 22 21
27 21 1050.00 54.70 27 26 25 24 23 22 21
27 21 1065.00 54.70 27 26 25 24 23 22 21
27 21 1080.00 60.70 27 26 25 24 23 22 21
27 21 1095.00 60.70 27 26 25 24 23 22 21
27 21 1110.00 60.70 27 26 25 24 23 22 21
27 21 1140.00 60.70 27 26 25 24 23 22 21
27 21 1155.00 61.57 27 26 25 24 23 22 21
27 21 1170.00 63.70 27 26 25 24 23 22 21
27 21 1185.00 63.70 27 26 25 24 23 22 21
27 21 1200.00 63.70 27 26 25 24 23 22 21
27 21 1230.00 63.70 27 26 25 24 23 22 21
27 21 1260.00 63.70 27 26 25 24 23 22 21
27 21 1290.00 63.70 27 26 25 24 23 22 21
27 21 1320.00 63.70 27 26 25 24 23 22 21
27 21 1335.00 60.26 27 26 25 24 23 22 21
27 21 1350.00 54.70 27 26 25 24 23 22 21
27 21 1365.00 54.70 27 26 25 24 23 22 21
27 21 1380.00 54.70 27 26 25 24 23 22 21
27 34 0.00 53.30 27 28 29 30 31 32 33 34
27 34 330.00 53.30 27 28 29 30 31 32 33 34
27 34 345.00 53.30 27 28 29 30 31 32 33 34
27 34 360.00 53.30 27 28 29 30 31 32 33 34
27 34 375.00 53.30 27 28 29 30 31 32 33 34
27 34 390.00 53.30 27 28 29 30 31 32 33 34
27 34 405.00 53.30 27 28 29 30 31 32 33 34
27 34 420.00 53.30 27 28 29 30 31 32 33 34
27 34 430.00 53.30 27 28 29 30 31 32 33 34
27 34 440.00 53.30 27 28 29 30 31 32 33 34
27 34 450.00 53.30 27 28 29 30 31 32 33 34
27 34 460.00 53.30 27 28 29 30 31 32 33 34
27 34 470.00 53.30 27 28 29 30 31 32 33 34
27 34 500.00 53.30 27 28 29 30 31 32 33 34
27 34 530.00 53.30 27 28 29 30 31 32 33 34
27 34 540.00 53.30 27 28 29 30 31 32 33 34
27 34 550.00 53.30 27 28 29 30 31 32 33 34
27 34 560.00 53.30 27 28 29 30 31 32 33 34
27 34 570.00 53.30 27 28 29 30 31 32 33 34
27 34 660.00 53.30 27 28 29 30 31 32 33 34
27 34 690.00 53.30 27 28 29 30 31 32 33 34
27 34 720.00 53.30 27 28 29 30 31 32 33 34
27 34 750.00 53.30 27 28 29 30 31 32 33 34
27 34 780.00 53.30 27 28 29 30 31 32 33 34
27 34 810.00 53.30 27 28 29 30 31 32 33 34
27 34 840.00 53.30 27 28 29 30 31 32 33 34
27 34 870.00 53.30 27 28 29 30 31 32 33 34
27 34 900.00 53.30 27 28 29 30 31 32 33 34
27 34 915.00 53.30 27 28 29 30 31 32 33 34
27 34 930.00 53.30 27 28 29 30 31 32 33 34
27 34 940.00 53.30 27 28 29 30 31 32 33 34
27 34 950.00 53.30 27 28 29 30 31 32 33 34
27 34 960.00 53.30 27 28 29 30 31 32 33 34
27 34 990.00 53.30 27 28 29 30 31 32 33 34
27 34 1020.00 53.30 27 28 29 30 31 32 33 34
27 34 1050.00 53.30 27 28 29 30 31 32 33 34
27 34 1065.00 54.27 27 28 29 30 31 32 33 34
27 34 1080.00 57.65 27 28 29 30 31 32 33 34
27 34 1095.00 61.11 27 28 29 30 31 32 33 34
27 34 1110.00 63.30 27 28 29 30 31 32 33 34
27 34 1140.00 63.30 27 28 29 30 31 32 33 34
27 34 1155.00 65.82 27 28 29 30 31 32 33 34
27 34 1170.00 68.10 27 28 29 30 31 32 33 34
27 34 1185.00 69.88 27 28 29 30 31 32 33 34
27 34 1200.00 70.50 27 28 29 30 31 32 33 34
27 34 1230.00 70.50 27 28 29 30 31 32 33 34
27 34 1260.00 70.50 27 28 29 30 31 32 33 34
27 34 1290.00 70.50 27 28 29 30 31 32 33 34
27 34 1320.00 68.51 27 28 29 30 31 32 33 34
27 34 1335.00 63.92 27 28 29 30 31 32 33 34
27 34 1350.00 60.70 27 28 29 30 31 32 33 34
27 34 1365.00 54.91 27 28 29 30 31 32 33 34
27 34 1380.00 53.30 27 28 29 30 31 32 33 34
3 1 0.00 28.70 3 2 1
3 1 330.00 28.70 3 2 1
3 1 345.00 28.70 3 2 1
3 1 360.00 28.70 3 2 1
3 1 375.00 28.70 3 2 1
3 1 390.00 28.70 3 2 1
3 1 405.00 30.77 3 2 1
3 1 420.00 34.50 3 2 1
3 1 430.00 34.50 3 2 1
3 1 440.00 34.50 3 2 1
3 1 450.00 34.50 3 2 1
3 1 460.00 34.50 3 2 1
3 1 470.00 34.50 3 2 1
3 1 500.00 34.50 3 2 1
3 1 530.00 34.50 3 2 1
3 1 540.00 34.50 3 2 1
3 1 550.00 33.44 3 2 1
3 1 560.00 32.27 3 2 1
3 1 570.00 31.10 3 2 1
3 1 660.00 28.70 3 2 1
3 1 690.00 28.70 3 2 1
3 1 720.00 28.70 3 2 1
3 1 750.00 28.70 3 2 1
3 1 780.00 28.70 3 2 1
3 1 810.00 28.70 3 2 1
3 1 840.00 28.70 3 2 1
3 1 870.00 28.70 3 2 1
3 1 900.00 28.70 3 2 1
3 1 915.00 28.70 3 2 1
3 1 930.00 28.70 3 2 1
3 1 940.00 28.70 3 2 1
3 1 950.00 28.70 3 2 1
3 1 960.00 28.70 3 2 1
3 1 990.00 28.70 3 2 1
3 1 1020.00 28.70 3 2 1
3 1 1050.00 28.70 3 2 1
3 1 1065.00 28.70 3 2 1
3 1 1080.00 28.70 3 2 1
3 1 1095.00 28.70 3 2 1
3 1 1110.00 28.70 3 2 1
3 1 1140.00 28.70 3 2 1
3 1 1155.00 28.70 3 2 1
3 1 1170.00 28.70 3 2 1
3 1 1185.00 28.70 3 2 1
3 1 1200.00 28.70 3 2 1
3 1 1230.00 28.70 3 2 1
3 1 1260.00 28.70 3 2 1
3 1 1290.00 28.70 3 2 1
3 1 1320.00 28.70 3 2 1
3 1 1335.00 28.70 3 2 1
3 1 1350.00 28.70 3 2 1
3 1 1365.00 28.70 3 2 1
3 1 1380.00 28.70 3 2 1
34 35 0.00 19.80 34 35
34 35 330.00 19.80 34 35
34 35 345.00 19.80 34 35
34 35 360.00 19.80 34 35
34 35 375.00 19.80 34 35
34 35 390.00 19.80 34 35
34 35 405.00 19.80 34 35
34 35 420.00 19.80 34 35
34 35 430.00 19.80 34 35
34 35 440.00 19.80 34 35
34 35 450.00 19.80 34 35
34 35 460.00 19.80 34 35
34 35 470.00 19.80 34 35
34 35 500.00 19.80 34 35
34 35 530.00 19.80 34 35
34 35 540.00 19.80 34 35
34 35 550.00 19.80 34 35
34 35 560.00 19.80 34 35
34 35 570.00 19.80 34 35
34 35 660.00 19.80 34 35
34 35 690.00 19.80 34 35
34 35 720.00 19.80 34 35
34 35 750.00 19.80 34 35
34 35 780.00 19.80 34 35
34 35 810.00 19.80 34 35
34 35 840.00 19.80 34 35
34 35 870.00 19.80 34 35
34 35 900.00 19.80 34 35
34 35 915.00 19.80 34 35
34 35 930.00 19.80 34 35
34 35 940.00 19.80 34 35
34 35 950.00 19.80 34 35
34 35 960.00 19.80 34 35
34 35 990.00 19.80 34 35
34 35 1020.00 19.80 34 35
34 35 1050.00 19.80 34 35
34 35 1065.00 19.80 34 35
34 35 1080.00 19.80 34 35
34 35 1095.00 19.80 34 35
34 35 1110.00 19.80 34 35
34 35 1140.00 19.80 34 35
34 35 1155.00 19.80 34 35
34 35 1170.00 19.80 34 35
34 35 1185.00 19.80 34 35
34 35 1200.00 19.80 34 35
34 35 1230.00 19.80 34 35
34 35 1260.00 19.80 34 35
34 35 1290.00 19.80 34 35
34 35 1320.00 19.80 34 35
34 35 1335.00 19.80 34 35
34 35 1350.00 19.80 34 35
34 35 1365.00 19.80 34 35
34 35 1380.00 19.80 34 35
35 38 0.00 34.00 35 36 37 38
35 38 330.00 34.00 35 36 37 38
35 38 345.00 34.00 35 36 37 38
35 38 360.00 34.00 35 36 37 38
35 38 375.00 34.00 35 36 37 38
35 38 390.00 34.00 35 36 37 38
35 38 405.00 34.00 35 36 37 38
35 38 420.00 34.00 35 36 37 38
35 38 430.00 34.00 35 36 37 38
35 38 440.00 34.00 35 36 37 38
35 38 450.00 34.00 35 36 37 38
35 38 460.00 34.00 35 36 37 38
35 38 470.00 34.00 35 36 37 38
35 38 500.00 34.00 35 36 37 38
35 38 530.00 34.00 35 36 37 38
35 38 540.00 34.00 35 36 37 38
35 38 550.00 34.00 35 36 37 38
35 38 560.00 34.00 35 36 37 38
35 38 570.00 34.00 35 36 37 38
35 38 660.00 34.00 35 36 37 38
35 38 690.00 34.00 35 36 37 38
35 38 720.00 34.00 35 36 37 38
35 38 750.00 34.00 35 36 37 38
35 38 780.00 34.00 35 36 37 38
35 38 810.00 34.00 35 36 37 38
35 38 840.00 34.00 35 36 37 38
35 38 870.00 34.00 35 36 37 38
35 38 900.00 34.00 35 36 37 38
35 38 915.00 34.00 35 36 37 38
35 38 930.00 34.00 35 36 37 38
35 38 940.00 34.00 35 36 37 38
35 38 950.00 34.00 35 36 37 38
35 38 960.00 34.00 35 36 37 38
35 38 990.00 34.00 35 36 37 38
35 38 1020.00 34.00 35 36 37 38
35 38 1050.00 34.00 35 36 37 38
35 38 1065.00 34.00 35 36 37 38
35 38 1080.00 34.00 35 36 37 38
35 38 1095.00 36.54 35 36 37 38
35 38 1110.00 40.00 35 36 37 38
35 38 1140.00 40.00 35 36 37 38
35 38 1155.00 40.00 35 36 37 38
35 38 1170.00 40.31 35 36 37 38
35 38 1185.00 42.66 35 36 37 38
35 38 1200.00 45.00 35 36 37 38
35 38 1230.00 45.00 35 36 37 38
35 38 1260.00 45.00 35 36 37 38
35 38 1290.00 45.00 35 36 37 38
35 38 1320.00 45.00 35 36 37 38
35 38 1335.00 45.00 35 36 37 38
35 38 1350.00 42.92 35 36 37 38
35 38 1365.00 38.46 35 36 37 38
35 38 1380.00 34.00 35 36 37 38
38 41 0.00 28.00 38 39 40 41
38 41 330.00 28.00 38 39 40 41
38 41 345.00 28.00 38 39 40 41
38 41 360.00 28.00 38 39 40 41
38 41 375.00 28.00 38 39 40 41
38 41 390.00 28.00 38 39 40 41
38 41 405.00 28.00 38 39 40 41
38 41 420.00 28.00 38 39 40 41
38 41 430.00 28.00 38 39 40 41
38 41 440.00 28.00 38 39 40 41
38 41 450.00 28.00 38 39 40 41
38 41 460.00 28.00 38 39 40 41
38 41 470.00 28.00 38 39 40 41
38 41 500.00 28.00 38 39 40 41
38 41 530.00 28.00 38 39 40 41
38 41 540.00 28.00 38 39 40 41
38 41 550.00 28.00 38 39 40 41
38 41 560.00 28.00 38 39 40 41
38 41 570.00 28.00 38 39 40 41
38 41 660.00 28.00 38 39 40 41
38 41 690.00 28.00 38 39 40 41
38 41 720.00 28.00 38 39 40 41
38 41 750.00 28.00 38 39 40 41
38 41 780.00 28.00 38 39 40 41
38 41 810.00 28.00 38 39 40 41
38 41 840.00 28.00 38 39 40 41
38 41 870.00 28.00 38 39 40 41
38 41 900.00 28.00 38 39 40 41
38 41 915.00 28.00 38 39 40 41
38 41 930.00 28.00 38 39 40 41
38 41 940.00 28.00 38 39 40 41
38 41 950.00 28.00 38 39 40 41
38 41 960.00 28.00 38 39 40 41
38 41 990.00 28.00 38 39 40 41
38 41 1020.00 28.00 38 39 40 41
38 41 1050.00 28.00 38 39 40 41
38 41 1065.00 28.00 38 39 40 41
38 41 1080.00 28.00 38 39 40 41
38 41 1095.00 28.75 38 39 40 41
38 41 1110.00 31.00 38 39 40 41
38 41 1140.00 31.00 38 39 40 41
38 41 1155.00 31.00 38 39 40 41
38 41 1170.00 31.00 38 39 40 41
38 41 1185.00 32.04 38 39 40 41
38 41 1200.00 34.00 38 39 40 41
38 41 1230.00 34.00 38 39 40 41
38 41 1260.00 34.00 38 39 40 41
38 41 1290.00 34.00 38 39 40 41
38 41 1320.00 34.00 38 39 40 41
38 41 1335.00 34.00 38 39 40 41
38 41 1350.00 34.00 38 39 40 41
38 41 1365.00 31.46 38 39 40 41
38 41 1380.00 28.00 38 39 40 41
41 43 0.00 34.00 41 42 43
41 43 330.00 34.00 41 42 43
41 43 345.00 34.00 41 42 43
41 43 360.00 34.00 41 42 43
41 43 375.00 34.00 41 42 43
41 43 390.00 34.00 41 42 43
41 43 405.00 34.00 41 42 43
41 43 420.00 34.00 41 42 43
41 43 430.00 34.00 41 42 43
41 43 440.00 34.00 41 42 43
41 43 450.00 34.00 41 42 43
41 43 460.00 34.00 41 42 43
41 43 470.00 34.00 41 42 43
41 43 500.00 34.00 41 42 43
41 43 530.00 34.00 41 42 43
41 43 540.00 34.00 41 42 43
41 43 550.00 34.00 41 42 43
41 43 560.00 34.00 41 42 43
41 43 570.00 34.00 41 42 43
41 43 660.00 34.00 41 42 43
41 43 690.00 34.00 41 42 43
41 43 720.00 34.00 41 42 43
41 43 750.00 34.00 41 42 43
41 43 780.00 34.00 41 42 43
41 43 810.00 34.00 41 42 43
41 43 840.00 34.00 41 42 43
41 43 870.00 34.00 41 42 43
41 43 900.00 34.00 41 42 43
41 43 915.00 34.00 41 42 43
41 43 930.00 34.00 41 42 43
41 43 940.00 34.00 41 42 43
41 43 950.00 34.00 41 42 43
41 43 960.00 34.00 41 42 43
41 43 990.00 34.00 41 42 43
41 43 1020.00 34.00 41 42 43
41 43 1050.00 34.00 41 42 43
41 43 1065.00 34.00 41 42 43
41 43 1080.00 34.00 41 42 43
41 43 1095.00 34.00 41 42 43
41 43 1110.00 34.00 41 42 43
41 43 1140.00 34.00 41 42 43
41 43 1155.00 34.00 41 42 43
41 43 1170.00 34.00 41 42 43
41 43 1185.00 34.00 41 42 43
41 43 1200.00 34.00 41 42 43
41 43 1230.00 34.00 41 42 43
41 43 1260.00 34.00 41 42 43
41 43 1290.00 34.00 41 42 43
41 43 1320.00 34.00 41 42 43
41 43 1335.00 34.00 41 42 43
41 43 1350.00 34.00 41 42 43
41 43 1365.00 34.00 41 42 43
41 43 1380.00 34.00 41 42 43
43 14 0.00 27.80 43 13 14
43 14 330.00 27.80 43 13 14
43 14 345.00 27.80 43 13 14
43 14 360.00 27.80 43 13 14
43 14 375.00 27.80 43 13 14
43 14 390.00 27.80 43 13 14
43 14 405.00 27.80 43 13 14
43 14 420.00 27.80 43 13 14
43 14 430.00 27.80 43 13 14
43 14 440.00 27.80 43 13 14
43 14 450.00 27.80 43 13 14
43 14 460.00 27.80 43 13 14
43 14 470.00 27.80 43 13 14
43 14 500.00 27.80 43 13 14
43 14 530.00 27.80 43 13 14
43 14 540.00 27.80 43 13 14
43 14 550.00 27.80 43 13 14
43 14 560.00 27.80 43 13 14
43 14 570.00 27.80 43 13 14
43 14 660.00 27.80 43 13 14
43 14 690.00 27.80 43 13 14
43 14 720.00 27.80 43 13 14
43 14 750.00 27.80 43 13 14
43 14 780.00 27.80 43 13 14
43 14 810.00 27.80 43 13 14
43 14 840.00 27.80 43 13 14
43 14 870.00 27.80 43 13 14
43 14 900.00 27.80 43 13 14
43 14 915.00 27.80 43 13 14
43 14 930.00 27.80 43 13 14
43 14 940.00 27.80 43 13 14
43 14 950.00 27.80 43 13 14
43 14 960.00 27.80 43 13 14
43 14 990.00 27.80 43 13 14
43 14 1020.00 27.80 43 13 14
43 14 1050.00 27.80 43 13 14
43 14 1065.00 27.80 43 13 14
43 14 1080.00 27.80 43 13 14
43 14 1095.00 27.80 43 13 14
43 14 1110.00 27.80 43 13 14
43 14 1140.00 27.80 43 13 14
43 14 1155.00 27.80 43 13 14
43 14 1170.00 27.80 43 13 14
43 14 1185.00 27.80 43 13 14
43 14 1200.00 27.80 43 13 14
43 14 1230.00 27.80 43 13 14
43 14 1260.00 27.80 43 13 14
43 14 1290.00 27.80 43 13 14
43 14 1320.00 27.80 43 13 14
43 14 1335.00 27.80 43 13 14
43 14 1350.00 27.80 43 13 14
43 14 1365.00 27.80 43 13 14
43 14 1380.00 27.80 43 13 14
56 57 0.00 10.30 56 57
56 57 330.00 10.30 56 57
56 57 345.00 10.30 56 57
56 57 360.00 10.30 56 57
56 57 375.00 10.30 56 57
56 57 390.00 10.30 56 57
56 57 405.00 10.30 56 57
56 57 420.00 22.00 56 57
56 57 430.00 22.00 56 57
56 57 440.00 22.00 56 57
56 57 450.00 22.00 56 57
56 57 460.00 22.00 56 57
56 57 470.00 22.00 56 57
56 57 500.00 22.00 56 57
56 57 530.00 22.00 56 57
56 57 540.00 22.00 56 57
56 57 550.00 21.48 56 57
56 57 560.00 18.89 56 57
56 57 570.00 16.30 56 57
56 57 660.00 10.30 56 57
56 57 690.00 10.30 56 57
56 57 720.00 10.30 56 57
56 57 750.00 10.30 56 57
56 57 780.00 10.30 56 57
56 57 810.00 10.30 56 57
56 57 840.00 10.30 56 57
56 57 870.00 10.30 56 57
56 57 900.00 10.30 56 57
56 57 915.00 10.30 56 57
56 57 930.00 10.30 56 57
56 57 940.00 10.30 56 57
56 57 950.00 10.30 56 57
56 57 960.00 10.30 56 57
56 57 990.00 10.30 56 57
56 57 1020.00 10.30 56 57
56 57 1050.00 10.30 56 57
56 57 1065.00 10.30 56 57
56 57 1080.00 10.30 56 57
56 57 1095.00 10.30 56 57
56 57 1110.00 10.30 56 57
56 57 1140.00 10.30 56 57
56 57 1155.00 10.30 56 57
56 57 1170.00 10.30 56 57
56 57 1185.00 10.30 56 57
56 57 1200.00 10.30 56 57
56 57 1230.00 10.30 56 57
56 57 1260.00 10.30 56 57
56 57 1290.00 10.30 56 57
56 57 1320.00 10.30 56 57
56 57 1335.00 10.30 56 57
56 57 1350.00 10.30 56 57
56 57 1365.00 10.30 56 57
56 57 1380.00 10.30 56 57
58 56 0.00 21.90 58 99 31 56
58 56 330.00 21.90 58 99 31 56
58 56 345.00 21.90 58 99 31 56
58 56 360.00 21.90 58 99 31 56
58 56 375.00 21.90 58 99 31 56
58 56 390.00 21.90 58 99 31 56
58 56 405.00 21.90 58 99 31 56
58 56 420.00 48.20 58 99 31 56
58 56 430.00 48.20 58 99 31 56
58 56 440.00 48.20 58 99 31 56
58 56 450.00 48.20 58 99 31 56
58 56 460.00 48.20 58 99 31 56
58 56 470.00 48.20 58 99 31 56
58 56 500.00 48.20 58 99 31 56
58 56 530.00 48.18 58 99 31 56
58 56 540.00 47.06 58 99 31 56
58 56 550.00 45.94 58 99 31 56
58 56 560.00 44.82 58 99 31 56
58 56 570.00 43.70 58 99 31 56
58 56 660.00 21.90 58 99 31 56
58 56 690.00 21.90 58 99 31 56
58 56 720.00 21.90 58 99 31 56
58 56 750.00 21.90 58 99 31 56
58 56 780.00 21.90 58 99 31 56
58 56 810.00 21.90 58 99 31 56
58 56 840.00 21.90 58 99 31 56
58 56 870.00 21.90 58 99 31 56
58 56 900.00 21.90 58 99 31 56
58 56 915.00 21.90 58 99 31 56
58 56 930.00 21.90 58 99 31 56
58 56 940.00 21.90 58 99 31 56
58 56 950.00 21.90 58 99 31 56
58 56 960.00 21.90 58 99 31 56
58 56 990.00 21.90 58 99 31 56
58 56 1020.00 21.90 58 99 31 56
58 56 1050.00 21.90 58 99 31 56
58 56 1065.00 21.90 58 99 31 56
58 56 1080.00 21.90 58 99 31 56
58 56 1095.00 21.90 58 99 31 56
58 56 1110.00 21.90 58 99 31 56
58 56 1140.00 21.90 58 99 31 56
58 56 1155.00 21.90 58 99 31 56
58 56 1170.00 21.90 58 99 31 56
58 56 1185.00 21.90 58 99 31 56
58 56 1200.00 21.90 58 99 31 56
58 56 1230.00 21.90 58 99 31 56
58 56 1260.00 21.90 58 99 31 56
58 56 1290.00 21.90 58 99 31 56
58 56 1320.00 21.90 58 99 31 56
58 56 1335.00 21.90 58 99 31 56
58 56 1350.00 21.90 58 99 31 56
58 56 1365.00 21.90 58 99 31 56
58 56 1380.00 21.90 58 99 31 56
61 58 0.00 76.10 61 60 80 81 82 59 58
61 58 330.00 90.10 61 60 80 81 82 59 58
61 58 345.00 90.10 61 60 80 81 82 59 58
61 58 360.00 92.29 61 60 80 81 82 59 58
61 58 375.00 88.35 61 60 59 58
61 58 390.00 73.41 61 60 59 58
61 58 405.00 58.46 61 60 59 58
61 58 420.00 48.90 61 60 59 58
61 58 430.00 48.90 61 60 59 58
61 58 440.00 48.90 61 60 59 58
61 58 450.00 48.90 61 60 59 58
61 58 460.00 48.90 61 60 59 58
61 58 470.00 48.90 61 60 59 58
61 58 500.00 48.90 61 60 59 58
61 58 530.00 48.41 61 60 59 58
61 58 540.00 46.53 61 60 59 58
61 58 550.00 44.65 61 60 59 58
61 58 560.00 42.77 61 60 59 58
61 58 570.00 41.90 61 60 59 58
61 58 660.00 76.10 61 60 80 81 82 59 58
61 58 690.00 76.10 61 60 80 81 82 59 58
61 58 720.00 76.10 61 60 80 81 82 59 58
61 58 750.00 76.10 61 60 80 81 82 59 58
61 58 780.00 76.10 61 60 80 81 82 59 58
61 58 810.00 76.10 61 60 80 81 82 59 58
61 58 840.00 76.10 61 60 80 81 82 59 58
61 58 870.00 76.10 61 60 80 81 82 59 58
61 58 900.00 76.10 61 60 80 81 82 59 58
61 58 915.00 76.10 61 60 80 81 82 59 58
61 58 930.00 76.10 61 60 80 81 82 59 58
61 58 940.00 76.10 61 60 80 81 82 59 58
61 58 950.00 76.10 61 60 80 81 82 59 58
61 58 960.00 76.10 61 60 80 81 82 59 58
61 58 990.00 76.10 61 60 80 81 82 59 58
61 58 1020.00 76.10 61 60 80 81 82 59 58
61 58 1050.00 76.10 61 60 80 81 82 59 58
61 58 1065.00 76.10 61 60 80 81 82 59 58
61 58 1080.00 61.44 61 60 59 58
61 58 1095.00 46.48 61 60 59 58
61 58 1110.00 36.90 61 60 59 58
61 58 1140.00 36.90 61 60 59 58
61 58 1155.00 36.90 61 60 59 58
61 58 1170.00 36.90 61 60 59 58
61 58 1185.00 36.90 61 60 59 58
61 58 1200.00 36.90 61 60 59 58
61 58 1230.00 36.90 61 60 59 58
61 58 1260.00 36.90 61 60 59 58
61 58 1290.00 36.90 61 60 59 58
61 58 1320.00 36.90 61 60 59 58
61 58 1335.00 36.90 61 60 59 58
61 58 1350.00 76.10 61 60 80 81 82 59 58
61 58 1365.00 76.10 61 60 80 81 82 59 58
61 58 1380.00 76.10 61 60 80 81 82 59 58
69 61 0.00 46.80 69 62 61
69 61 330.00 46.80 69 62 61
69 61 345.00 46.80 69 62 61
69 61 360.00 46.80 69 62 61
69 61 375.00 46.80 69 62 61
69 61 390.00 46.80 69 62 61
69 61 405.00 46.80 69 62 61
69 61 420.00 46.80 69 62 61
69 61 430.00 46.80 69 62 61
69 61 440.00 46.80 69 62 61
69 61 450.00 46.80 69 62 61
69 61 460.00 46.80 69 62 61
69 61 470.00 46.80 69 62 61
69 61 500.00 46.80 69 62 61
69 61 530.00 46.80 69 62 61
69 61 540.00 46.80 69 62 61
69 61 550.00 46.80 69 62 61
69 61 560.00 46.80 69 62 61
69 61 570.00 46.80 69 62 61
69 61 660.00 46.80 69 62 61
69 61 690.00 46.80 69 62 61
69 61 720.00 46.80 69 62 61
69 61 750.00 46.80 69 62 61
69 61 780.00 46.80 69 62 61
69 61 810.00 46.80 69 62 61
69 61 840.00 46.80 69 62 61
69 61 870.00 46.80 69 62 61
69 61 900.00 46.80 69 62 61
69 61 915.00 46.80 69 62 61
69 61 930.00 46.80 69 62 61
69 61 940.00 46.80 69 62 61
69 61 950.00 46.80 69 62 61
69 61 960.00 46.80 69 62 61
69 61 990.00 46.80 69 62 61
69 61 1020.00 46.80 69 62 61
69 61 1050.00 46.80 69 62 61
69 61 1065.00 46.80 69 62 61
69 61 1080.00 46.80 69 62 61
69 61 1095.00 46.80 69 62 61
69 61 1110.00 46.80 69 62 61
69 61 1140.00 46.80 69 62 61
69 61 1155.00 46.80 69 62 61
69 61 1170.00 46.80 69 62 61
69 61 1185.00 46.80 69 62 61
69 61 1200.00 46.80 69 62 61
69 61 1230.00 46.80 69 62 61
69 61 1260.00 46.80 69 62 61
69 61 1290.00 46.80 69 62 61
69 61 1320.00 46.80 69 62 61
69 61 1335.00 46.80 69 62 61
69 61 1350.00 46.80 69 62 61
69 61 1365.00 46.80 69 62 61
69 61 1380.00 46.80 69 62 61
7 3 0.00 60.60 7 6 5 22 4 3
7 3 330.00 60.60 7 6 5 22 4 3
7 3 345.00 60.60 7 6 5 22 4 3
7 3 360.00 60.60 7 6 5 22 4 3
7 3 375.00 60.60 7 6 5 22 4 3
7 3 390.00 60.60 7 6 5 22 4 3
7 3 405.00 61.35 7 6 5 22 4 3
7 3 420.00 62.60 7 6 5 22 4 3
7 3 430.00 62.60 7 6 5 22 4 3
7 3 440.00 62.60 7 6 5 22 4 3
7 3 450.00 62.60 7 6 5 22 4 3
7 3 460.00 62.60 7 6 5 22 4 3
7 3 470.00 62.60 7 6 5 22 4 3
7 3 500.00 62.60 7 6 5 22 4 3
7 3 530.00 62.60 7 6 5 22 4 3
7 3 540.00 62.60 7 6 5 22 4 3
7 3 550.00 62.14 7 6 5 22 4 3
7 3 560.00 61.37 7 6 5 22 4 3
7 3 570.00 60.60 7 6 5 22 4 3
7 3 660.00 60.60 7 6 5 22 4 3
7 3 690.00 60.60 7 6 5 22 4 3
7 3 720.00 60.60 7 6 5 22 4 3
7 3 750.00 60.60 7 6 5 22 4 3
7 3 780.00 60.60 7 6 5 22 4 3
7 3 810.00 60.60 7 6 5 22 4 3
7 3 840.00 60.60 7 6 5 22 4 3
7 3 870.00 60.60 7 6 5 22 4 3
7 3 900.00 60.60 7 6 5 22 4 3
7 3 915.00 60.60 7 6 5 22 4 3
7 3 930.00 60.60 7 6 5 22 4 3
7 3 940.00 60.60 7 6 5 22 4 3
7 3 950.00 60.60 7 6 5 22 4 3
7 3 960.00 60.60 7 6 5 22 4 3
7 3 990.00 60.60 7 6 5 22 4 3
7 3 1020.00 60.60 7 6 5 22 4 3
7 3 1050.00 60.60 7 6 5 22 4 3
7 3 1065.00 60.60 7 6 5 22 4 3
7 3 1080.00 60.60 7 6 5 22 4 3
7 3 1095.00 60.60 7 6 5 22 4 3
7 3 1110.00 60.60 7 6 5 22 4 3
7 3 1140.00 60.60 7 6 5 22 4 3
7 3 1155.00 60.60 7 6 5 22 4 3
7 3 1170.00 60.60 7 6 5 22 4 3
7 3 1185.00 60.60 7 6 5 22 4 3
7 3 1200.00 60.60 7 6 5 22 4 3
7 3 1230.00 60.60 7 6 5 22 4 3
7 3 1260.00 60.60 7 6 5 22 4 3
7 3 1290.00 60.60 7 6 5 22 4 3
7 3 1320.00 60.60 7 6 5 22 4 3
7 3 1335.00 60.60 7 6 5 22 4 3
7 3 1350.00 60.60 7 6 5 22 4 3
7 3 1365.00 60.60 7 6 5 22 4 3
7 3 1380.00 60.60 7 6 5 22 4 3
72 69 0.00 35.20 72 71 70 69
72 69 330.00 35.20 72 71 70 69
72 69 345.00 35.20 72 71 70 69
72 69 360.00 35.20 72 71 70 69
72 69 375.00 35.20 72 71 70 69
72 69 390.00 35.20 72 71 70 69
72 69 405.00 35.20 72 71 70 69
72 69 420.00 35.20 72 71 70 69
72 69 430.00 35.20 72 71 70 69
72 69 440.00 35.20 72 71 70 69
72 69 450.00 35.20 72 71 70 69
72 69 460.00 35.20 72 71 70 69
72 69 470.00 35.20 72 71 70 69
72 69 500.00 35.20 72 71 70 69
72 69 530.00 35.20 72 71 70 69
72 69 540.00 35.20 72 71 70 69
72 69 550.00 35.20 72 71 70 69
72 69 560.00 35.20 72 71 70 69
72 69 570.00 35.20 72 71 70 69
72 69 660.00 35.20 72 71 70 69
72 69 690.00 35.20 72 71 70 69
72 69 720.00 35.20 72 71 70 69
72 69 750.00 35.20 72 71 70 69
72 69 780.00 35.20 72 71 70 69
72 69 810.00 35.20 72 71 70 69
72 69 840.00 35.20 72 71 70 69
72 69 870.00 35.20 72 71 70 69
72 69 900.00 35.20 72 71 70 69
72 69 915.00 35.20 72 71 70 69
72 69 930.00 35.20 72 71 70 69
72 69 940.00 35.20 72 71 70 69
72 69 950.00 35.20 72 71 70 69
72 69 960.00 35.20 72 71 70 69
72 69 990.00 35.20 72 71 70 69
72 69 1020.00 35.20 72 71 70 69
72 69 1050.00 35.20 72 71 70 69
72 69 1065.00 35.20 72 71 70 69
72 69 1080.00 35.20 72 71 70 69
72 69 1095.00 35.20 72 71 70 69
72 69 1110.00 35.20 72 71 70 69
72 69 1140.00 35.20 72 71 70 69
72 69 1155.00 35.20 72 71 70 69
72 69 1170.00 35.20 72 71 70 69
72 69 1185.00 35.20 72 71 70 69
72 69 1200.00 35.20 72 71 70 69
72 69 1230.00 35.20 72 71 70 69
72 69 1260.00 35.20 72 71 70 69
72 69 1290.00 35.20 72 71 70 69
72 69 1320.00 35.20 72 71 70 69
72 69 1335.00 35.20 72 71 70 69
72 69 1350.00 35.20 72 71 70 69
72 69 1365.00 35.20 72 71 70 69
72 69 1380.00 35.20 72 71 70 69
73 72 0.00 16.40 73 72
73 72 330.00 16.40 73 72
73 72 345.00 16.40 73 72
73 72 360.00 16.40 73 72
73 72 375.00 16.40 73 72
73 72 390.00 16.40 73 72
73 72 405.00 16.40 73 72
73 72 420.00 16.40 73 72
73 72 430.00 16.40 73 72
73 72 440.00 16.40 73 72
73 72 450.00 16.40 73 72
73 72 460.00 16.40 73 72
73 72 470.00 16.40 73 72
73 72 500.00 16.40 73 72
73 72 530.00 16.40 73 72
73 72 540.00 16.40 73 72
73 72 550.00 16.40 73 72
73 72 560.00 16.40 73 72
73 72 570.00 16.40 73 72
73 72 660.00 16.40 73 72
73 72 690.00 16.40 73 72
73 72 720.00 16.40 73 72
73 72 750.00 16.40 73 72
73 72 780.00 16.40 73 72
73 72 810.00 16.40 73 72
73 72 840.00 16.40 73 72
73 72 870.00 16.40 73 72
73 72 900.00 16.40 73 72
73 72 915.00 16.40 73 72
73 72 930.00 16.40 73 72
73 72 940.00 16.40 73 72
73 72 950.00 16.40 73 72
73 72 960.00 16.40 73 72
73 72 990.00 16.40 73 72
73 72 1020.00 16.40 73 72
73 72 1050.00 16.40 73 72
73 72 1065.00 16.40 73 72
73 72 1080.00 16.40 73 72
73 72 1095.00 16.40 73 72
73 72 1110.00 16.40 73 72
73 72 1140.00 16.40 73 72
73 72 1155.00 16.40 73 72
73 72 1170.00 16.40 73 72
73 72 1185.00 16.40 73 72
73 72 1200.00 16.40 73 72
73 72 1230.00 16.40 73 72
73 72 1260.00 16.40 73 72
73 72 1290.00 16.40 73 72
73 72 1320.00 16.40 73 72
73 72 1335.00 16.40 73 72
73 72 1350.00 16.40 73 72
73 72 1365.00 16.40 73 72
73 72 1380.00 16.40 73 72
74 73 0.00 20.60 74 73
74 73 330.00 20.60 74 73
74 73 345.00 20.60 74 73
74 73 360.00 20.60 74 73
74 73 375.00 20.60 74 73
74 73 390.00 20.60 74 73
74 73 405.00 20.60 74 73
74 73 420.00 20.60 74 73
74 73 430.00 20.60 74 73
74 73 440.00 20.60 74 73
74 73 450.00 20.60 74 73
74 73 460.00 20.60 74 73
74 73 470.00 20.60 74 73
74 73 500.00 20.60 74 73
74 73 530.00 20.60 74 73
74 73 540.00 20.60 74 73
74 73 550.00 20.60 74 73
74 73 560.00 20.60 74 73
74 73 570.00 20.60 74 73
74 73 660.00 20.60 74 73
74 73 690.00 20.60 74 73
74 73 720.00 20.60 74 73
74 73 750.00 20.60 74 73
74 73 780.00 20.60 74 73
74 73 810.00 20.60 74 73
74 73 840.00 20.60 74 73
74 73 870.00 20.60 74 73
74 73 900.00 20.60 74 73
74 73 915.00 20.60 74 73
74 73 930.00 20.60 74 73
74 73 940.00 20.60 74 73
74 73 950.00 20.60 74 73
74 73 960.00 20.60 74 73
74 73 990.00 20.60 74 73
74 73 1020.00 20.60 74 73
74 73 1050.00 20.60 74 73
74 73 1065.00 20.60 74 73
74 73 1080.00 20.60 74 73
74 73 1095.00 20.60 74 73
74 73 1110.00 20.60 74 73
74 73 1140.00 20.60 74 73
74 73 1155.00 20.60 74 73
74 73 1170.00 20.60 74 73
74 73 1185.00 20.60 74 73
74 73 1200.00 20.60 74 73
74 73 1230.00 20.60 74 73
74 73 1260.00 20.60 74 73
74 73 1290.00 20.60 74 73
74 73 1320.00 20.60 74 73
74 73 1335.00 20.60 74 73
74 73 1350.00 20.60 74 73
74 73 1365.00 20.60 74 73
74 73 1380.00 20.60 74 73
